2 2 50 4
0 160
0 160
0 160
0 160
 1 37 52 0   7 1 4 1 2 4 8 0 1000
 2 49 49 0  30 1 4 1 2 4 8 0 1000
 3 52 64 0  16 1 4 1 2 4 8 0 1000
 4 20 26 0   9 1 4 1 2 4 8 0 1000
 5 40 30 0  21 1 4 1 2 4 8 0 1000
 6 21 47 0  15 1 4 1 2 4 8 0 1000
 7 17 63 0  19 1 4 1 2 4 8 0 1000
 8 31 62 0  23 1 4 1 2 4 8 0 1000
 9 52 33 0  11 1 4 1 2 4 8 0 1000
10 51 21 0   5 1 4 1 2 4 8 0 1000
11 42 41 0  19 1 4 1 2 4 8 0 1000
12 31 32 0  29 1 4 1 2 4 8 0 1000
13  5 25 0  23 1 4 1 2 4 8 0 1000
14 12 42 0  21 1 4 1 2 4 8 0 1000
15 36 16 0  10 1 4 1 2 4 8 0 1000
16 52 41 0  15 1 4 1 2 4 8 0 1000
17 27 23 0   3 1 4 1 2 4 8 0 1000
18 17 33 0  41 1 4 1 2 4 8 0 1000
19 13 13 0   9 1 4 1 2 4 8 0 1000
20 57 58 0  28 1 4 1 2 4 8 0 1000
21 62 42 0   8 1 4 1 2 4 8 0 1000
22 42 57 0   8 1 4 1 2 4 8 0 1000
23 16 57 0  16 1 4 1 2 4 8 0 1000
24  8 52 0  10 1 4 1 2 4 8 0 1000
25  7 38 0  28 1 4 1 2 4 8 0 1000
26 27 68 0   7 1 4 1 2 4 8 0 1000
27 30 48 0  15 1 4 1 2 4 8 0 1000
28 43 67 0  14 1 4 1 2 4 8 0 1000
29 58 48 0   6 1 4 1 2 4 8 0 1000
30 58 27 0  19 1 4 1 2 4 8 0 1000
31 37 69 0  11 1 4 1 2 4 8 0 1000
32 38 46 0  12 1 4 1 2 4 8 0 1000
33 46 10 0  23 1 4 1 2 4 8 0 1000
34 61 33 0  26 1 4 1 2 4 8 0 1000
35 62 63 0  17 1 4 1 2 4 8 0 1000
36 63 69 0   6 1 4 1 2 4 8 0 1000
37 32 22 0   9 1 4 1 2 4 8 0 1000
38 45 35 0  15 1 4 1 2 4 8 0 1000
39 59 15 0  14 1 4 1 2 4 8 0 1000
40  5  6 0   7 1 4 1 2 4 8 0 1000
41 10 17 0  27 1 4 1 2 4 8 0 1000
42 21 10 0  13 1 4 1 2 4 8 0 1000
43  5 64 0  11 1 4 1 2 4 8 0 1000
44 30 15 0  16 1 4 1 2 4 8 0 1000
45 39 10 0  10 1 4 1 2 4 8 0 1000
46 32 39 0   5 1 4 1 2 4 8 0 1000
47 25 32 0  25 1 4 1 2 4 8 0 1000
48 25 55 0  17 1 4 1 2 4 8 0 1000
49 48 28 0  18 1 4 1 2 4 8 0 1000
50 56 37 0  10 1 4 1 2 4 8 0 1000
51 20 20 0   0 0 0 0 1000
52 30 40 0   0 0 0 0 1000
53 50 30 0   0 0 0 0 1000
54 60 50 0   0 0 0 0 1000
